#pyFAI Calibration file constructed manually
#Created never...
poni_version: 2
Detector: Detector
Detector_config: {"pixel1": 7.5e-5, "pixel2": 7.5e-5, "max_shape": null}
Distance: 0.553417
Poni1: 0.05847804891516424
Poni2: 0.05664679411770973
Rot1: 0
Rot2: 0
Rot3: 0
Wavelength: 1.5406e-10
